010179
020179
030179
040179
050179
060179
070179
080179
090179
100179
110179
120179
130179
140179
150179
160179
170179
180179
190179
200179
210179
220179
230179
240179
250179
260179
270179
280179
290179
300179
310179
010279
020279
030279
040279
050279
060279
070279
080279
090279
100279
110279
120279
130279
140279
150279
160279
170279
180279
190279
200279
210279
220279
230279
240279
250279
260279
270279
280279
290279
300279
310279
010379
020379
030379
040379
050379
060379
070379
080379
090379
100379
110379
120379
130379
140379
150379
160379
170379
180379
190379
200379
210379
220379
230379
240379
250379
260379
270379
280379
290379
300379
310379
010479
020479
030479
040479
050479
060479
070479
080479
090479
100479
110479
120479
130479
140479
150479
160479
170479
180479
190479
200479
210479
220479
230479
240479
250479
260479
270479
280479
290479
300479
310479
010579
020579
030579
040579
050579
060579
070579
080579
090579
100579
110579
120579
130579
140579
150579
160579
170579
180579
190579
200579
210579
220579
230579
240579
250579
260579
270579
280579
290579
300579
310579
010679
020679
030679
040679
050679
060679
070679
080679
090679
100679
110679
120679
130679
140679
150679
160679
170679
180679
190679
200679
210679
220679
230679
240679
250679
260679
270679
280679
290679
300679
310679
010779
020779
030779
040779
050779
060779
070779
080779
090779
100779
110779
120779
130779
140779
150779
160779
170779
180779
190779
200779
210779
220779
230779
240779
250779
260779
270779
280779
290779
300779
310779
010879
020879
030879
040879
050879
060879
070879
080879
090879
100879
110879
120879
130879
140879
150879
160879
170879
180879
190879
200879
210879
220879
230879
240879
250879
260879
270879
280879
290879
300879
310879
010979
020979
030979
040979
050979
060979
070979
080979
090979
100979
110979
120979
130979
140979
150979
160979
170979
180979
190979
200979
210979
220979
230979
240979
250979
260979
270979
280979
290979
300979
310979
011079
021079
031079
041079
051079
061079
071079
081079
091079
101079
111079
121079
131079
141079
151079
161079
171079
181079
191079
201079
211079
221079
231079
241079
251079
261079
271079
281079
291079
301079
311079
011179
021179
031179
041179
051179
061179
071179
081179
091179
101179
111179
121179
131179
141179
151179
161179
171179
181179
191179
201179
211179
221179
231179
241179
251179
261179
271179
281179
291179
301179
311179
011279
021279
031279
041279
051279
061279
071279
081279
091279
101279
111279
121279
131279
141279
151279
161279
171279
181279
191279
201279
211279
221279
231279
241279
251279
261279
271279
281279
291279
301279
311279
010180
020180
030180
040180
050180
060180
070180
080180
090180
100180
110180
120180
130180
140180
150180
160180
170180
180180
190180
200180
210180
220180
230180
240180
250180
260180
270180
280180
290180
300180
310180
010280
020280
030280
040280
050280
060280
070280
080280
090280
100280
110280
120280
130280
140280
150280
160280
170280
180280
190280
200280
210280
220280
230280
240280
250280
260280
270280
280280
290280
300280
310280
010380
020380
030380
040380
050380
060380
070380
080380
090380
100380
110380
120380
130380
140380
150380
160380
170380
180380
190380
200380
210380
220380
230380
240380
250380
260380
270380
280380
290380
300380
310380
010480
020480
030480
040480
050480
060480
070480
080480
090480
100480
110480
120480
130480
140480
150480
160480
170480
180480
190480
200480
210480
220480
230480
240480
250480
260480
270480
280480
290480
300480
310480
010580
020580
030580
040580
050580
060580
070580
080580
090580
100580
110580
120580
130580
140580
150580
160580
170580
180580
190580
200580
210580
220580
230580
240580
250580
260580
270580
280580
290580
300580
310580
010680
020680
030680
040680
050680
060680
070680
080680
090680
100680
110680
120680
130680
140680
150680
160680
170680
180680
190680
200680
210680
220680
230680
240680
250680
260680
270680
280680
290680
300680
310680
010780
020780
030780
040780
050780
060780
070780
080780
090780
100780
110780
120780
130780
140780
150780
160780
170780
180780
190780
200780
210780
220780
230780
240780
250780
260780
270780
280780
290780
300780
310780
010880
020880
030880
040880
050880
060880
070880
080880
090880
100880
110880
120880
130880
140880
150880
160880
170880
180880
190880
200880
210880
220880
230880
240880
250880
260880
270880
280880
290880
300880
310880
010980
020980
030980
040980
050980
060980
070980
080980
090980
100980
110980
120980
130980
140980
150980
160980
170980
180980
190980
200980
210980
220980
230980
240980
250980
260980
270980
280980
290980
300980
310980
011080
021080
031080
041080
051080
061080
071080
081080
091080
101080
111080
121080
131080
141080
151080
161080
171080
181080
191080
201080
211080
221080
231080
241080
251080
261080
271080
281080
291080
301080
311080
011180
021180
031180
041180
051180
061180
071180
081180
091180
101180
111180
121180
131180
141180
151180
161180
171180
181180
191180
201180
211180
221180
231180
241180
251180
261180
271180
281180
291180
301180
311180
011280
021280
031280
041280
051280
061280
071280
081280
091280
101280
111280
121280
131280
141280
151280
161280
171280
181280
191280
201280
211280
221280
231280
241280
251280
261280
271280
281280
291280
301280
311280
